146.6605
147.019833333
147.129833333
145.437222222
146.526888889
148.026055556
147.915333333
147.017944444
146.8895
146.349944444
145.935555556
146.280944444
144.695166667
146.199166667
146.018777778
146.150888889
144.738944444
149.285611111
146.125833333
147.544222222
146.645111111
147.707055556
146.8
146.6835
146.242444444
147.521222222
148.050944444
147.022777778
147.524388889
143.691722222
145.594388889
144.872055556
143.251611111
144.745222222
147.195277778
148.233666667
147.374166667
144.531611111
144.915222222
144.414944444
145.064111111
143.871888889
144.229444444
148.312388889
145.9975
145.391444444
146.044111111
147.185888889
146.168777778
147.989111111
143.495444444
145.829944444
147.549722222
147.839722222
145.498722222
147.326611111
146.076
145.590611111
145.829833333
146.673388889
146.786944444
148.6425
150.106722222
150.286944444
151.283666667
148.322111111
148.487833333
147.794333333
150.525777778
148.236666667
151.676166667
147.552611111
146.4595
150.139111111
146.923555556
143.867722222
148.457777778
145.971166667
148.046111111
144.859055556
149.353666667
145.569666667
148.510777778
148.397777778
146.9835
148.929833333
148.090222222
150.759388889
149.308888889
146.239611111
149.314777778
147.458055556
148.468833333
149.243055556
149.202111111
148.5565
147.785777778
148.980666667
148.387111111
147.365777778
148.390833333
149.617111111
146.575222222
150.840833333
148.675555556
147.242888889
149.686944444
148.0675
150.750111111
147.869
150.080222222
149.802111111
149.5735
150.872111111
149.453
149.261833333
150.264944444
149.569555556
149.855277778
146.224722222
148.389555556
148.307166667
151.345777778
149.378222222
148.466222222
149.023444444
148.682055556
146.346277778
149.147
147.9395
148.239111111
148.365
146.168111111
146.859722222
149.048944444
147.521833333
148.111
148.692055556
148.874888889
147.906666667
148.924333333
148.844888889
148.059
148.619166667
149.2595
147.731111111
148.625833333
147.579444444
150.491944444
143.539888889
146.125388889
145.196555556
145.356888889
146.545666667
148.420888889
147.048666667
148.907888889
147.213444444
150.739333333
148.785
150.157555556
148.954833333
147.192222222
149.386611111
146.603388889
149.205277778
147.010055556
149.259722222
149.372111111
149.100722222
150.031888889
146.544222222
146.653944444
149.6075
143.914777778
146.561888889
144.507222222
144.713944444
143.332111111
149.700888889
146.149777778
150.277111111
149.921111111
148.906222222
149.267222222
152.311888889
146.245722222
147.109944444
146.755277778
147.982777778
148.019611111
147.593166667
145.781111111
147.760555556
149.772611111
150.995777778
149.541333333
149.155
146.119555556
150.741611111
152.199611111
151.233166667
150.611722222
152.123555556
152.702944444
151.436277778
147.177
151.340444444
143.852611111
150.248666667
147.141166667
151.041222222
150.709777778
152.544333333
148.596333333
149.987055556
151.782166667
149.820722222
150.844111111
150.506777778
151.083222222
152.295944444
150.922222222
152.786055556
150.931666667
153.025555556
149.065833333
151.260666667
153.471111111
150.6885
151.577888889
151.3615
150.107833333
148.030722222
148.468277778
148.720666667
149.395166667
149.516111111
147.676166667
150.010666667
148.339111111
152.546777778
152.062666667
150.782222222
150.759722222
149.567277778
150.394444444
150.935333333
150.187
146.261833333
135.25
98.2567777778
95.7671666667
95.1291666667
105.294833333
101.351
105.377888889
109.777277778
117.692166667
110.226277778
110.778944444
131.017
152.765
135.415333333
131.827777778
134.241277778
134.369555556
131.309777778
135.497166667
138.029444444
137.871722222
141.420333333
137.740722222
135.507111111
137.653388889
136.666222222
140.307944444
138.493722222
140.934777778
140.4065
144.071166667
139.091222222
140.926888889
137.910222222
138.668111111
136.169944444
140.091833333
138.919888889
142.309722222
139.712444444
143.832111111
138.792055556
141.019111111
137.91
140.403666667
140.857166667
139.617333333
139.435111111
142.095388889
137.034777778
139.686444444
139.756277778
140.288722222
139.815944444
139.3065
139.461722222
141.442555556
137.6805
142.426111111
140.3735
142.148222222
142.456222222
139.911666667
141.594611111
139.591722222
137.198166667
140.555611111
141.782
141.481388889
140.262055556
140.1395
137.760777778
140.837055556
140.253777778
141.350388889
140.746888889
140.566166667
139.605444444
143.920055556
139.648
141.814611111
141.257222222
143.632222222
145.123333333
143.731777778
144.0285
143.896722222
144.930055556
144.083444444
145.719722222
145.684111111
143.034
143.386444444
141.696777778
141.953944444
143.085944444
141.975611111
142.646055556
142.571222222
142.2855
143.743833333
145.535888889
145.567111111
144.198444444
141.970722222
144.236888889
142.533666667
143.4635
143.134222222
142.301666667
139.892222222
143.912722222
142.472444444
146.140111111
142.897555556
141.150611111
143.667333333
145.285444444
142.540277778
144.924722222
143.068666667
142.511722222
142.640277778
143.467722222
142.257777778
144.391833333
141.316
140.878777778
141.207833333
144.096777778
141.447277778
145.588333333
141.962444444
142.780166667
141.152777778
143.414611111
142.463555556
142.812611111
142.511055556
141.849388889
138.996666667
142.875055556
141.718388889
141.330722222
141.209277778
143.397166667
142.726277778
142.586722222
140.378777778
142.818555556
144.833222222
144.264611111
143.075555556
144.474833333
143.6865
144.648722222
144.063833333
144.804666667
143.635444444
143.601944444
143.460388889
143.004222222
143.772
143.917333333
144.1235
142.845666667
141.387166667
144.219166667
145.383833333
145.126166667
141.242055556
142.672833333
142.895055556
141.484611111
141.052944444
141.705666667
139.559833333
141.590722222
139.812833333
140.005888889
141.928944444
141.018666667
143.819777778
140.738055556
142.268555556
143.067166667
143.382277778
145.241166667
143.351888889
142.085111111
142.238777778
140.835833333
142.095777778
142.711722222
141.1605
141.146833333
142.638944444
141.552555556
142.662944444
145.223722222
142.130333333
140.506722222
141.356055556
142.118833333
143.828111111
142.125444444
144.989944444
147.488222222
144.906555556
141.176777778
142.767833333
142.351833333
145.024222222
144.806888889
147.070055556
145.135444444
144.825444444
143.375222222
145.475166667
141.159833333
143.134777778
141.647
144.318388889
144.821388889
143.622722222
142.333444444
143.206166667
142.276833333
141.682166667
142.972944444
142.194333333
139.669166667
141.109
142.495444444
145.241777778
143.750111111
145.269111111
145.831111111
143.949611111
143.897555556
141.212222222
110.818611111
108.127722222
105.444166667
105.399111111
107.960277778
110.034222222
107.551166667
109.711222222
109.812111111
131.665388889
128.692055556
133.267111111
132.142666667
138.7185
136.115111111
136.385888889
139.919333333
140.323222222
135.2955
140.441055556
139.1125
142.3165
138.778277778
138.336888889
139.050444444
139.863555556
137.912888889
140.489277778
140.695277778
137.776055556
142.2005
142.052666667
140.683777778
142.085611111
144.170888889
142.793333333
141.554777778
138.6745
140.607611111
140.229333333
140.236222222
142.677
144.780666667
146.485444444
142.570833333
142.049611111
143.035666667
141.094166667
144.063277778
144.136055556
140.190666667
143.407055556
145.923833333
144.213555556
143.301222222
141.302611111
142.679777778
142.285944444
142.521055556
141.840722222
143.012611111
142.803166667
144.934444444
143.312555556
145.518277778
143.4095
146.250944444
141.419611111
144.615611111
141.663111111
144.715277778
143.300111111
143.804666667
141.655333333
145.324555556
144.399166667
145.231166667
142.792055556
144.919833333
144.063444444
144.954333333
143.812944444
146.885222222
144.375611111
145.432777778
143.263666667
148.0475
144.467388889
145.528444444
143.168777778
144.256444444
143.472666667
145.238722222
139.160777778
141.886444444
139.700444444
142.203611111
145.241888889
146.730111111
142.590055556
142.679777778
142.954333333
143.173166667
138.778611111
144.100777778
140.214055556
140.233777778
139.179277778
143.897333333
141.467388889
144.257277778
144.534555556
142.809611111
142.976166667
143.968777778
144.736055556
144.971388889
145.8645
146.237833333
143.859777778
143.457777778
143.215277778
144.116111111
141.769555556
141.497444444
142.438611111
142.863055556
141.012388889
138.243555556
139.801722222
140.723777778
141.199555556
140.167333333
140.407111111
139.029611111
138.507722222
140.461333333
144.728555556
141.903166667
142.672444444
142.0335
140.929555556
138.638944444
140.3135
138.226277778
141.240277778
139.749
139.997888889
140.821
142.151111111
140.997722222
142.914722222
141.276166667
141.8975
143.228
144.3355
141.659944444
141.032888889
140.747888889
141.548888889
140.558666667
141.609611111
141.035222222
139.696111111
138.659333333
140.752611111
139.669777778
140.613055556
141.063111111
140.074277778
139.955055556
140.588333333
141.512055556
142.114111111
140.942444444
139.576666667
139.556111111
144.717055556
141.069388889
139.523944444
139.893888889
142.140166667
141.394888889
140.745444444
138.261722222
141.529166667
139.948
142.634055556
138.900055556
142.002
140.332
144.008611111
141.608555556
143.097388889
140.539666667
140.861444444
140.402944444
142.271222222
141.483277778
139.532944444
139.108277778
142.121055556
140.488
146.206888889
142.506
144.175777778
146.211
144.87
144.323055556
143.512944444
143.209833333
142.101111111
140.639611111
142.117944444
143.795944444
144.528833333
143.106833333
145.248555556
143.351444444
143.840888889
145.683666667
145.859777778
145.621888889
146.185111111
149.086333333
147.608
147.203555556
144.7025
141.361
143.114666667
143.594888889
147.322222222
145.550944444
144.939833333
146.316111111
145.697277778
145.405333333
144.390222222
144.528777778
143.848333333
141.163166667
103.759833333
101.360888889
98.0034444444
100.669
97.3373333333
102.651666667
113.413444444
131.685
125.768555556
134.549055556
138.474833333
135.020944444
137.866944444
139.5775
140.331222222
141.431722222
141.585666667
139.668555556
137.047833333
142.455722222
140.557833333
143.012555556
143.021055556
143.278555556
142.708277778
144.506
143.382111111
142.141166667
142.306444444
144.912055556
144.122555556
143.128333333
142.110444444
141.2545
142.787166667
143.785777778
142.366833333
144.997388889
142.610388889
142.589444444
141.965111111
144.664444444
145.282888889
143.999111111
142.479944444
143.288777778
143.710777778
144.888333333
142.131722222
144.189
141.5155
143.544444444
141.6095
145.406222222
140.975333333
143.0505
143.543555556
144.4975
145.718888889
145.666333333
141.466055556
144.127777778
143.860944444
145.256055556
147.0535
143.644388889
142.824666667
144.2695
143.320388889
142.8135
142.188888889
145.593777778
145.149555556
144.021944444
144.644888889
143.166388889
141.832333333
143.457722222
141.603666667
145.163833333
140.274666667
142.7555
142.980722222
143.741277778
144.403388889
144.324444444
142.503444444
142.379111111
142.34
142.766055556
144.535555556
145.619388889
145.761944444
144.740388889
145.984722222
143.754166667
140.766277778
140.931666667
141.217833333
143.241611111
141.077333333
140.327388889
140.477277778
139.7805
140.7745
141.126166667
143.244277778
142.101833333
142.452444444
144.1655
143.643722222
141.079388889
145.829944444
143.820555556
143.052777778
141.592
141.077166667
140.670722222
142.520166667
141.993722222
142.825666667
141.730666667
145.172222222
141.605666667
143.631277778
142.303055556
144.779444444
140.882666667
141.199
140.988666667
143.308888889
142.390611111
141.568333333
141.8785
143.639611111
142.609722222
141.829722222
143.578388889
143.227833333
140.3185
140.690777778
142.495888889
145.854666667
140.142611111
142.409555556
143.381944444
143.935611111
139.882944444
144.221111111
142.140611111
143.527833333
143.266777778
141.368611111
139.7735
140.490888889
139.099555556
141.165777778
141.392111111
141.458222222
141.368222222
143.321777778
142.536555556
141.368166667
141.480166667
139.175055556
139.910222222
143.159666667
140.611055556
143.410333333
140.957388889
142.193388889
138.425222222
140.598277778
140.497722222
141.5115
141.141277778
141.965611111
141.205611111
142.707111111
140.302888889
139.503055556
137.766888889
140.523222222
140.063444444
140.937277778
139.406777778
140.5755
138.113722222
138.737944444
140.514
141.039888889
140.702666667
139.116166667
139.664444444
143.119055556
142.161722222
143.773833333
143.224277778
142.770055556
142.130388889
138.850111111
140.809777778
140.8795
142.126777778
140.015333333
142.844666667
138.242833333
139.539722222
140.813777778
140.380888889
138.575666667
140.454722222
142.062722222
144.360444444
140.839055556
143.688388889
140.389388889
140.838833333
140.037055556
143.745666667
141.948111111
143.207444444
140.974944444
143.827333333
144.097
145.524611111
142.993944444
147.629555556
142.836166667
145.224055556
143.9535
141.044
138.809944444
144.276888889
142.371277778
143.712444444
121.474444444
94.8994444444
103.686222222
104.570611111
104.578666667
104.893722222
104.0755
111.782833333
127.794111111
136.282833333
139.919
138.596555556
137.453777778
140.552166667
139.645777778
145.153666667
140.264166667
141.551777778
138.534055556
139.593777778
136.8385
140.793166667
139.216277778
143.153777778
146.667555556
144.082666667
143.997722222
145.020444444
141.961111111
142.436277778
143.410388889
144.974277778
142.854277778
144.255722222
143.214833333
145.597111111
144.489611111
145.604222222
143.886888889
141.468722222
142.0645
145.220055556
143.700833333
141.874166667
143.840666667
143.474
146.911944444
144.030833333
146.079833333
142.866388889
146.593444444
142.848333333
142.082611111
142.563944444
145.7655
144.550444444
144.125888889
143.729833333
139.835333333
139.087555556
142.391
142.950888889
145.501833333
142.783944444
146.602666667
140.784055556
145.181666667
142.960444444
144.850222222
144.114833333
144.145944444
139.115222222
141.698722222
141.346722222
145.091555556
140.691
141.125388889
140.604055556
139.994
141.689777778
142.299944444
140.474722222
140.634888889
142.380333333
142.221722222
139.405611111
142.452555556
140.621222222
142.892611111
140.004444444
141.584111111
138.576166667
140.545722222
140.644944444
142.998222222
141.275944444
143.157
140.960111111
143.230444444
144.3475
146.375166667
146.050888889
146.110222222
144.058
142.8415
144.813555556
147.914833333
145.258722222
143.823888889
142.683611111
144.470833333
139.946944444
140.066111111
141.71
145.060777778
140.063666667
143.333277778
144.274388889
141.98
141.480277778
143.250388889
143.929555556
143.014222222
139.658055556
140.039388889
138.415111111
140.582777778
139.223333333
139.9025
140.786444444
142.971611111
142.334944444
143.029
142.077888889
141.522777778
140.202444444
141.389833333
141.031666667
139.519888889
138.913666667
139.266666667
140.797277778
144.117833333
143.4575
141.822944444
141.371833333
142.922666667
139.286
139.172
138.561888889
139.202
139.978833333
141.080166667
143.138166667
142.944222222
142.879944444
140.823888889
142.209833333
143.021777778
144.085555556
141.197777778
143.319444444
143.570833333
143.927611111
144.007944444
142.443222222
140.069222222
142.410222222
141.169055556
143.054944444
142.478055556
141.857888889
142.078277778
142.510666667
141.455555556
142.701611111
140.699388889
145.955611111
143.977833333
148.006777778
143.998
146.563833333
143.794722222
143.813888889
140.267166667
144.940111111
142.232388889
147.524555556
142.861055556
144.913055556
143.087611111
144.905944444
141.613944444
144.014555556
142.826055556
142.349388889
140.256611111
139.211777778
141.796611111
142.953722222
141.618833333
141.199555556
142.871
142.166944444
142.245944444
142.979111111
141.308111111
142.706666667
142.216722222
142.790111111
142.692611111
144.576388889
139.503
141.572555556
142.160666667
139.283888889
141.5165
143.819888889
141.818555556
140.422611111
141.532666667
142.105388889
139.293388889
140.117944444
142.483722222
141.745611111
139.564888889
141.147055556
141.497611111
139.274388889
141.491944444
143.982111111
142.237166667
142.948944444
139.485444444
140.191888889
103.770166667
91.1683333333
93.8121111111
82.5572777778
81.7167222222
80.1148888889
118.928111111
125.636777778
129.893222222
136.600222222
138.155444444
142.635888889
138.620833333
137.820388889
138.945222222
139.585388889
141.017666667
138.858777778
140.415166667
136.687166667
138.276555556
137.021611111
137.724777778
136.296111111
137.496777778
136.045222222
141.024111111
140.690777778
138.258722222
140.613388889
143.092222222
141.026166667
140.062111111
136.832055556
139.126222222
135.733333333
140.157555556
139.059777778
141.012888889
141.509666667
142.424722222
139.623333333
140.060277778
140.682611111
141.834333333
140.620555556
140.995222222
138.751833333
144.286277778
139.622611111
143.010111111
139.313666667
138.557833333
137.653555556
138.945444444
137.5725
138.596777778
138.284777778
140.443888889
137.929388889
142.224833333
139.646444444
140.882222222
139.824333333
141.727777778
140.793944444
140.899666667
139.465444444
137.126055556
137.786166667
140.323833333
137.211277778
138.641111111
138.0995
136.863222222
135.956277778
138.988444444
139.972833333
137.843833333
139.811777778
138.131777778
140.773833333
139.066777778
137.201333333
139.283888889
136.037611111
140.488333333
141.375666667
140.425277778
138.761833333
137.579
141.059777778
141.066111111
140.689222222
139.918388889
140.907166667
141.249944444
141.030944444
139.236944444
139.164055556
139.806666667
140.112444444
142.284388889
141.157388889
142.243833333
142.721611111
139.528666667
140.250555556
142.114611111
142.499111111
144.990611111
140.8785
140.132388889
137.397555556
139.050777778
141.638444444
142.785111111
139.884555556
141.730666667
143.084722222
138.47
141.896444444
139.216722222
144.964666667
141.922444444
142.8525
141.994222222
141.565444444
141.152611111
142.019777778
138.992944444
142.5685
140.483333333
139.664666667
139.626722222
141.212333333
141.223833333
141.6995
141.791888889
143.185444444
141.066666667
144.002111111
140.848555556
144.819777778
142.126777778
139.549333333
139.611222222
138.069555556
141.308666667
142.128722222
137.216944444
140.897777778
140.998166667
139.681555556
139.452277778
139.658722222
137.507888889
141.842
141.634333333
141.862555556
141.135666667
139.651333333
138.161722222
145.351944444
141.108777778
143.984277778
141.2055
142.321222222
139.761277778
142.532111111
138.715944444
142.942611111
141.927
144.705833333
142.345555556
143.912111111
143.531777778
144.201055556
140.427333333
142.873277778
139.314777778
140.586722222
141.4175
145.147333333
142.123333333
143.448
138.145388889
140.755722222
141.693722222
141.684
138.561055556
139.705111111
137.531722222
140.807888889
143.688944444
142.330388889
141.147722222
139.869777778
140.265611111
140.255444444
142.6885
143.724888889
142.193444444
142.717333333
142.9565
140.196055556
141.7065
138.599611111
138.168555556
140.915666667
142.569
140.975833333
143.270833333
140.368666667
140.980611111
139.77
140.701444444
141.360944444
143.518611111
141.924055556
144.279055556
144.260833333
143.689388889
140.669888889
144.472777778
141.274277778
140.366222222
138.889777778
140.510611111
142.213055556
140.5035
138.637166667
144.139444444
138.410111111
139.738388889
139.971
143.290055556
144.479666667
143.729333333
140.219444444
140.672555556
139.312
140.987111111
138.013055556
102.465333333
89.8929444444
118.893055556
122.933166667
133.867833333
137.159666667
142.939666667
141.995888889
145.118111111
141.230444444
144.218166667
142.364055556
141.720277778
141.838777778
142.257444444
141.590944444
141.772666667
142.029944444
141.432166667
139.834888889
141.528555556
137.423166667
141.7975
139.381
140.520277778
140.814111111
141.2885
139.798611111
140.615722222
138.238666667
139.918722222
135.927555556
136.009888889
134.487333333
132.897888889
126.686888889
120.271277778
100.273555556
70.4314444444
69.8369444444
67.6990555556
73.8093557423
27.4659444444
15.8271666667
19.7056111111
20.1085
18.3216111111
17.4377777778
17.0727777778
16.3462777778
18.6561666667
19.487
20.6447222222
23.2395555556
22.9815
32.4620659722
31.9762596899
33.6176245211
33.8109496124
36.0906130268
37.312835249
42.5870588235
44.9097868217
48.5954457364
51.8099206349
51.9163654618
54.2293699187
54.2850401606
56.5828313253
54.3369477912
55.6997991968
54.6919715447
58.1324297189
64.0578252033
67.6747942387
68.6008032129
72.428600823
73.2354674797
74.2779835391
74.8228658537
76.2232067511
79.9577160494
80.7890946502
82.079218107
82.8893004115
77.0720164609
72.0897119342
68.6645061728
68.2517489712
63.9297325103
60.1660569106
65.1788617886
72.2626041667
73.0702674897
70.6028125
68.51
66.6401234568
62.346835443
59.7305894309
59.1275
58.9005144033
58.1900205761
57.0716049383
57.0745884774
56.7351626016
59.1262345679
57.6115853659
56.8816666667
57.9530208333
56.6618312757
57.0129166667
56.7319791667
58.0905208333
57.0720833333
57.9476041667
57.0824186992
57.6615226337
